Jackal_Navigation_Waypoints:
  center: [-10.4159027459,8.00366603912,1.35068895039,2.4381708224e-05,8.1785372956e-07,-0.999999992984,-0.000115916592112]
  center_out:  [-10.4159027459,8.00366603912,1.35068895039,3.06986641725e-06,2.44376616657e-05,0.088176757567,0.996104843286]

  bridge_end_mainland: [-17,7.1,0.943496056853,2.43363483959e-05,3.68785331828e-06,-0.993594059365,0.113008161605]
  bridge_end_mainland_in: [-17,7.1,0.943496056853,3.06986641725e-06,2.44376616657e-05,0.088176757567,0.996104843286]

  bridge_end_island: [-2.88680327371,9.34764742107,0.915375861706,0.000216188343744,-0.0155541332301,0.112857106846,0.993489454215]
  bridge_end_island_in: [-2.88680327371,9.34764742107,0.915375861706,2.44898183903e-05,2.68850043064e-06,-0.997268782945,0.073857795503]

  panel1: [ -4.5706589046,-16.1645940567,2.2,2.00275463771e-05,1.43991654043e-05,-0.83571815847,0.549158591843]

  panel2: [-13.9957392383,-13.8292446591,3.25,1.80757463814e-05,1.67553302807e-05,-0.757635603673,0.652677785312]

  panel3: [-23.8082993897,-10.168995488,3.27034563215,1.44354926212e-05,1.96283182827e-05,-0.681978645955,0.73137208442]

  panel4: [14.7177089471,25,2.00026453171,1.44354926212e-05,1.96283182827e-05,-0.681978645955,0.73137208442]
  panel4_corner: [10.7177089471,25,2.00026453171,1.44354926212e-05,1.96283182827e-05,-0.681978645955,0.73137208442]
  # panel5: [11.972924761,23.0581879866,2.07270730902,1.55702609423e-05,1.90937756708e-05,-0.648286781358,0.76139624934]

Warthog_Navigation_Waypoints:
  center: [-10.4159027459,8.00366603912,1.35068895039,2.4381708224e-05,8.1785372956e-07,-0.999999992984,-0.000115916592112]
  center_out:  [-10.4159027459,8.00366603912,1.350688950393,3.06986641725e-06,2.44376616657e-05,0.088176757567,0.996104843286]

  bridge_end_mainland: [-21.1324731724,6.58436083423,2.3,2.4381708224e-05,8.1785372956e-07,-0.999999992984,-0.000115916592112]
  bridge_end_mainland_in: [-21.1324731724,6.58436083423,2.3,3.06986641725e-06,2.44376616657e-05,0.088176757567,0.996104843286]

  bridge_end_island: [-1,9.34764742107,1.5,0.000216188343744,-0.0155541332301,0.112857106846,0.993489454215]
  bridge_end_island_in: [-1,9.34764742107,1.5,2.44898183903e-05,2.68850043064e-06,-0.997268782945,0.073857795503]

  panel1: [ -4.5706589046,-15.1645940567,2.2,2.00275463771e-05,1.43991654043e-05,-0.83571815847,0.549158591843]

  panel2: [-13.9957392383,-13.8292446591,3.25,1.80757463814e-05,1.67553302807e-05,-0.757635603673,0.652677785312]

  panel3: [-23.8082993897,-7.168995488,3.27034563215,1.44354926212e-05,1.96283182827e-05,-0.681978645955,0.73137208442]

  panel4: [14.7177089471,25,2.00026453171,1.44354926212e-05,1.96283182827e-05,-0.681978645955,0.73137208442]
  panel4_corner: [6.7177089471,25,2.00026453171,1.44354926212e-05,1.96283182827e-05,-0.681978645955,0.73137208442]
