Navigation_Waypoints:
  BS1: [-3.930000066757202, -1.7299994230270386, 0.0, 0.0, 0.0, 0.4218200332554531, 0.9066795793136451]
  BS2: [-4.439999580383301, 1.4900000095367432, 0.0, 0.0, 0.0, -0.3006387760066056, 0.9537380805867248]
  L1: [-2.8499996662139893, 0.28000009059906006, 0.0, 0.0, 0.0, 0.0, 0.9999999999999983]
  L2: [-2.629999876022339, 2.43999981880188, 0.0, 0.0, 0.0, 0.7021795109203132, 0.7119999539632779]
  L3: [-2.4699997901916504, -1.9699993133544922, 0.0, 0.0, 0.0, -0.7044636570722094, 0.7097400621808301]
  L4: [4.904786586761475, 0.4132677912712097, 0.0, 0.0, 0.0, -0.6906139560647674, 0.723223591767146]
  L5: [8.624733924865723, 1.967872142791748, 0.0, 0.0, 0.0, 0.7191876909440862, 0.694815849844053]
  L6: [9.827702522277832, 4.632909297943115, 0.0, 0.0, 0.0, -2.683846105355737e-07, 0.999999999999964]