Navigation_Waypoints:
  center: [0.0126038824915,-0.00485219855615,0.999999382776,-1.02032623029e-06,2.46406584776e-05,-0.000294696503381,0.999999956273]
  panel1: [-7.93422320959,-16.2773372242,0.999199142237,2.00275463771e-05,1.43991654043e-05,-0.83571815847,0.549158591843]
  panel2: [-17.9204235632,-12.1899729305,0.99830318315,1.80757463814e-05,1.67553302807e-05,-0.757635603673,0.652677785312]
  panel3: [-21.908906659,-8.81400007186,0.998195663202,2.24321666398e-05,1.15118781351e-05,-0.926975281322,0.375122416262]
  panel4: [25.3152559357,21.1377192086,0.995238505234,1.75959897127e-05,1.59515644263e-05,-0.757943908207,0.652319730997]
  panel5: [11.8741920562,25.5812048879,0.994824612868,1.55702609423e-05,1.90937756708e-05,-0.648286781358,0.76139624934]
